rawdata/WIN_20221128_16_31_16_Pro.bmp 1 407 139 419 275
rawdata/WIN_20221128_16_31_18_Pro.bmp 1 377 206 314 395
rawdata/WIN_20221128_16_31_20_Pro.bmp 1 756 95 315 389
rawdata/WIN_20221128_16_31_22_Pro.bmp 1 648 177 345 219
rawdata/WIN_20221128_16_31_26_Pro.bmp 1 167 249 244 144
rawdata/WIN_20221128_16_31_29_Pro.bmp 1 777 237 164 88
rawdata/WIN_20221128_16_31_30_Pro.bmp 1 926 136 124 189
rawdata/WIN_20221128_16_31_33_Pro.bmp 1 72 135 298 165
rawdata/WIN_20221128_16_31_35_Pro.bmp 1 162 466 263 128
rawdata/WIN_20221128_16_31_36_Pro.bmp 1 669 448 283 207
